variables

element properties
% E G rho
steel

brick8_SL elements
%node1 node2 node3 node4 node5 node6 node7 node8 and material#
1 2 3 4 18 19 20 21 1 1
2 10 11 3 19 27 28 20 1 1
4 3 11 12 21 20 28 29 1 1
6 1 4 5 23 18 21 22 1 1
5 4 12 13 22 21 29 30 1 1
14 6 5 13 31 23 22 30 1 1
7 8 1 6 24 25 18 23 1 1
15 7 6 14 32 24 23 31 1 1
15 16 8 7 32 33 25 24 1 1
8 9 2 1 25 26 19 18 1 1
16 17 9 8 33 34 26 25 1 1
9 17 10 2 26 34 27 19 1 1
18 19 20 21 35 36 37 38 1 1
19 27 28 20 36 44 45 37 1 1
21 20 28 29 38 37 45 46 1 1
23 18 21 22 40 35 38 39 1 1
22 21 29 30 39 38 46 47 1 1
31 23 22 30 48 40 39 47 1 1
24 25 18 23 41 42 35 40 1 1
32 24 23 31 49 41 40 48 1 1
32 33 25 24 49 50 42 41 1 1
25 26 19 18 42 43 36 35 1 1
33 34 26 25 50 51 43 42 1 1
26 34 27 19 43 51 44 36 1 1
35 36 37 38 52 53 54 55 1 1
36 44 45 37 53 61 62 54 1 1
38 37 45 46 55 54 62 63 1 1
40 35 38 39 57 52 55 56 1 1
39 38 46 47 56 55 63 64 1 1
48 40 39 47 65 57 56 64 1 1
41 42 35 40 58 59 52 57 1 1
49 41 40 48 66 58 57 65 1 1
49 50 42 41 66 67 59 58 1 1
42 43 36 35 59 60 53 52 1 1
50 51 43 42 67 68 60 59 1 1
43 51 44 36 60 68 61 53 1 1
52 53 54 55 69 70 71 72 1 1
53 61 62 54 70 78 79 71 1 1
55 54 62 63 72 71 79 80 1 1
57 52 55 56 74 69 72 73 1 1
56 55 63 64 73 72 80 81 1 1
65 57 56 64 82 74 73 81 1 1
58 59 52 57 75 76 69 74 1 1
66 58 57 65 83 75 74 82 1 1
66 67 59 58 83 84 76 75 1 1
59 60 53 52 76 77 70 69 1 1
67 68 60 59 84 85 77 76 1 1
60 68 61 53 77 85 78 70 1 1
69 70 71 72 86 87 88 89 1 1
70 78 79 71 87 95 96 88 1 1
72 71 79 80 89 88 96 97 1 1
74 69 72 73 91 86 89 90 1 1
73 72 80 81 90 89 97 98 1 1
82 74 73 81 99 91 90 98 1 1
75 76 69 74 92 93 86 91 1 1
83 75 74 82 100 92 91 99 1 1
83 84 76 75 100 101 93 92 1 1
76 77 70 69 93 94 87 86 1 1
84 85 77 76 101 102 94 93 1 1
77 85 78 70 94 102 95 87 1 1

nodes
% I can include comment lines
% node num, x y z, Node number isn't ever stored in nodes matrix
1 0 0 0
2 18.5 0 0
3 18.5 18.5 0
4 0 18.5 0
5 -18.5 18.5 0
6 -18.5 0 0
7 -18.5 -18.5 0
8 0 -18.5 0
9 18.5 -18.5 0
10 37 0 0
11 26.1629509 26.1629509 0
12 0 37 0
13 -26.1629509 26.1629509 0
14 -37 0 0
15 -26.1629509 -26.1629509 0
16 0 -37 0
17 26.1629509 -26.1629509 0
18 0 0 38
19 15.3 0 38
20 15.3 15.3 38
21 0 15.3 38
22 -15.3 15.3 38
23 -15.3 0 38
24 -15.3 -15.3 38
25 0 -15.3 38
26 15.3 -15.3 38
27 30.6 0 38
28 21.6374675 21.6374675 38
29 0 30.6 38
30 -21.6374675 21.6374675 38
31 -30.6 0 38
32 -21.6374675 -21.6374675 38
33 0 -30.6 38
34 21.6374675 -21.6374675 38
35 0 0 76
36 12.1 0 76
37 12.1 12.1 76
38 0 12.1 76
39 -12.1 12.1 76
40 -12.1 0 76
41 -12.1 -12.1 76
42 0 -12.1 76
43 12.1 -12.1 76
44 24.2 0 76
45 17.1119841 17.1119841 76
46 0 24.2 76
47 -17.1119841 17.1119841 76
48 -24.2 0 76
49 -17.1119841 -17.1119841 76
50 0 -24.2 76
51 17.1119841 -17.1119841 76
52 0 0 114
53 8.9 0 114
54 8.9 8.9 114
55 0 8.9 114
56 -8.9 8.9 114
57 -8.9 0 114
58 -8.9 -8.9 114
59 0 -8.9 114
60 8.9 -8.9 114
61 17.8 0 114
62 12.58650071 12.58650071 114
63 0 17.8 114
64 -12.58650071 12.58650071 114
65 -17.8 0 114
66 -12.58650071 -12.58650071 114
67 0 -17.8 114
68 12.58650071 -12.58650071 114
69 0 0 152
70 5.7 0 152
71 5.7 5.7 152
72 0 5.7 152
73 -5.7 5.7 152
74 -5.7 0 152
75 -5.7 -5.7 152
76 0 -5.7 152
77 5.7 -5.7 152
78 11.4 0 152
79 8.061017306 8.061017306 152
80 0 11.4 152
81 -8.061017306 8.061017306 152
82 -11.4 0 152
83 -8.061017306 -8.061017306 152
84 0 -11.4 152
85 8.061017306 -8.061017306 152
86 0 0 190
87 2.5 0 190
88 2.5 2.5 190
89 0 2.5 190
90 -2.5 2.5 190
91 -2.5 0 190
92 -2.5 -2.5 190
93 0 -2.5 190
94 2.5 -2.5 190
95 5 0 190
96 3.535533906 3.535533906 190
97 0 5 190
98 -3.535533906 3.535533906 190
99 -5 0 190
100 -3.535533906 -3.535533906 190
101 0 -5 190
102 3.535533906 -3.535533906 190

points
1 1 1 1

fix clamp
1
2
3
4
5
6
7
8
9
10
11
12
13
14
15
16
17

load 
86 1 10/17
87 1 10/17
88 1 10/17
89 1 10/17
90 1 10/17
91 1 10/17
92 1 10/17
93 1 10/17
94 1 10/17
95 1 10/17
96 1 10/17
97 1 10/17
98 1 10/17
99 1 10/17
100 1 10/17
101 1 10/17
102 1 10/17
%86 1 0
%87 1 0
%88 1 0
%89 1 0
%90 1 0
%91 1 0
%92 1 0
%93 1 0
%94 1 0
%95 1 0
%96 1 0
%97 1 0
%98 1 0
%99 1 0
%100 1 0
%101 1 0
%102 1 0

actions
staticanalysis
plotdeformed
%X
%full(X)
%kb
end